32709894996
32709141858
32708737074
32708309917
32707399066
32707148473
32705117217
32700742241
32699634668
32699101412
32695245772
32693392835
32691252317
32690899325
32690655195
32689819148
32689594266
32689558095
32689069453
32688827360
32688812028
32687997073
32687959830
32687843472
32663458381
32662338690
32661267245
32660453987
32660312124
32659795465
32659193501
32655602094
32654338618
32654117351
32653454720
32653172059
32652735679
32652653999
32651437937
32651288393
32651159020
32650580937
32650275635
32650181697
32649996687
32649753663
32649667498
32649344195
32649259222
32649223472
32649209998
32648914400
32648347865
32646873190
32643066306
32642695405
32642545760
32642299940
32638957965
32638477046
32637235420
32636898418
32636250204
32635635430
32635054895
32627980913
32627732675
32627153899
32626895266
32518595209
32517582247
32516519108
32448468972
32447398787
32446660757
32445462169
32429213275
32419204944
32414395649
32411142789
32399615128
32393336562
32379318901
32379169934
32374804134
32350847273
32345530623
32343219380
32332621037
32318925779
32318581885
32316474635
32313961048
32281097767
32090718235
32089524720
32087341259
32086379102
32086103505
32085967404
